2297.58 945.062
2531.34 1128.53
1559.26 564.432
1149.27 930.882
2432.6 146.066
2391.68 620.955
2675.99 39.4633
1453.09 802.834
3095.75 281.445
1305.77 859.401
2026.35 392.862
1878.89 158.548
1596.68 670.109
1236.5 815.092
3044.51 -49.7506
1055.58 645.103
3150.49 597.142
1401.44 989.01
2176.35 403.647
1404.36 834.793
2301.62 134.503
2754.37 294.375
1977.43 262.692
1948.69 283.098
2299.82 376.213
2754.48 1049.66
2552.3 1146.22
1247.96 377.288
2242.11 231.296
1245.34 917.654
1856.54 581.902
1137.49 534.627
2562.96 583.508
2477.56 989.303
1955.4 541.313
2186.29 993.191
2922.7 454.98
2444.96 256.613
2110.17 819.626
2957.75 333.609
3016.31 888.956
1941.09 245.532
1064.15 807.417
2563.66 497.652
3051.21 750.643
1256.77 575.018
2811.31 342.405
2934.13 1235.31
1828.04 571.132
3073.82 216.389
2106.27 1051.82
1462.41 463.242
1133.29 555.056
2648.97 283.067
1507.62 1000.13
3108.72 -83.6652
1720.39 447.403
2738.37 776.97
1372.08 863.141
3077.43 298.152
1723.11 1089.78
1708.77 515.723
1443.5 668.122
2733.89 440.873
3092.47 489.147
2387.75 976.317
1560.87 971.25
3102.44 1257.17
3042.52 829.373
3373.01 -180.467
1916.62 139.849
1400.82 755.715
1592.7 593.024
1510.47 812.846
2089.8 1091.22
1817.75 727.769
1473.5 814.402
1461.85 345.669
1386.56 774.638
1444.42 324.637
9 572
795 694
297 1132
526 1197
165 79
1011 1155
11 1019
1846 1163
887 862
1316 828
633 959
1788 182
373 278
233 928
507 77
1833 1192
1446 739
960 50
49 963
185 877
