961.182 436.173
3880.73 1234.02
3850.61 2382.23
9508.45 -5691.26
6.48489 -228.509
2226.1 4212.86
5363.02 -80.2905
2503.9 -133.188
1460.91 -1710.08
1619.36 -106.516
9005.99 3577.76
988.402 1088.49
1254.65 58.3195
3838.46 3170.96
661.516 -301.107
662.621 1061.52
3256.78 -820.827
30352.5 17817.4
4307.25 1106.24
4730.2 587.29
46763.4 26038.5
5388.32 2423.38
2817.51 1574.16
943.635 -580.542
659.616 39.7223
1294.98 -256.11
536.069 405.032
6245.3 -403.073
997.916 -56.7395
-8122.89 3681.48
21444.1 -6226.51
1271.21 1358.94
1760.8 2181.51
-5008.86 -104.757
691.665 519.846
2237.73 -1072.39
3723.95 -170.471
1173.94 970.922
2681.02 1469.99
7359.01 -2332.9
6346.22 4157.44
2691.22 -49.6398
1497.42 78.6075
4381.96 309.685
39.5472 4.45161
9361.97 450.436
644.452 -1981.04
1342.35 316.082
3879.58 208.778
17869.8 11895.5
1570.07 -144.576
875.227 1306.94
3469.05 1123.99
4884.24 -388.732
1462.41 -145.179
1287.65 1478.85
-6812.35 89.6079
2244.59 -1912.65
667.902 -824.782
7521.26 -2690.2
689.578 1471.18
1647.32 599.644
3242.56 1806.91
2233.4 -5571.07
14322.8 4661.01
1866.97 2083.35
-757.657 5148.8
2180.94 1911.78
4309.11 795.076
1740.6 225.87
-2850.32 1159.58
2374.34 1393.51
4221.32 2579.23
3423.53 713.536
3289.17 646.61
7304.75 41.3748
2699.2 1906.08
4459.35 -1146.57
1030.52 93.1192
558.949 -79.8793
400 1188
338 1039
1693 817
1549 885
1251 1036
1183 1137
847 721
90 255
963 188
747 40
1818 39
1036 162
830 902
1912 948
950 612
147 266
934 662
703 801
1560 99
853 1024
