1358.12 275.333
2692.52 187.353
1202.41 885.904
1406.56 1057.27
1796.36 344.792
1640.68 636.842
1420.16 432.893
2049.9 944.994
1479.02 309.774
2340.73 917.388
3131.15 629.369
1360.7 856.125
2391.58 382.09
1754.44 797.042
2441.91 1132.81
1275.4 979.669
1655.15 685.441
1841 810.462
1135.51 471.805
2371.61 352.054
2023.07 883.755
3255.96 1166.33
1817.87 827.611
1139.22 420.678
2120.03 475.556
2018.29 183.76
3048.5 318.785
1093.19 367.608
1260.92 973.792
1364.58 651.907
1385.96 825.595
2378.22 309.717
1528.39 313.253
3100.59 -67.8897
3106.25 123.424
2960.75 397.141
2344.06 455.518
1414.92 440.269
1639.19 1030.61
2948.04 748.701
1140.49 387.455
1898.4 636.572
1521.9 844.74
1868.51 547.471
2914.24 172.45
1253.93 926.555
1200.4 268.514
1928.33 358.361
1316.68 456.452
2408.43 109.965
1116.8 382.562
1656.35 834.973
1814.69 1012.26
2698.42 300.853
3187.08 128.095
2436.5 950.001
1346.09 295.257
2748.65 199.019
2274.89 704.921
2575.03 1090.38
1160.48 323.059
2046.02 778.347
2790.25 97.0143
1864.9 826.496
1781.68 901.356
2862.26 573.43
2684.14 857.775
1225.2 377.233
3124.29 643.028
1105.92 232.051
2142.91 1106.52
2820.9 464.071
3193.19 892.357
1575.09 473.65
1168.22 809.684
1236.13 468.937
1193.01 467.125
1370.24 229.081
2280.42 610.273
2564.91 502.647
585 278
248 362
104 482
662 1097
588 1039
1778 942
1771 730
8 507
785 208
570 808
330 839
1329 541
733 436
1618 976
746 1097
1124 1120
1440 209
1257 908
1140 135
1028 611
