2096.22 936.524
2286.28 944.143
1439.06 274.017
1430.28 740.633
1426.42 448.512
2065.29 260.388
1513.41 529.148
1525.95 625.464
2066.53 735.416
1199.6 638.125
1259.97 423.159
1760.48 532.793
1262.91 377.145
2174.73 722.948
2317.87 751.216
1327.29 858.163
2399.8 155.635
1275.72 559.424
1365.3 809.187
1906.8 785.504
2661.94 608.841
1253.92 936.548
1667.19 809.92
2784.5 105.976
1317.21 812.351
1797.79 338.564
1206.83 543.81
1467.31 457.171
1862.07 408.49
1700.12 285.036
1559.37 895.106
2228.1 859.614
1445.85 920.979
1231.65 656.181
2646.53 903.036
2098.59 1040.58
2486.61 448.783
2333.19 549.325
1280.71 944.294
1372.89 646.499
2000.02 491.027
1497.46 495.657
1634.89 720.411
2119.55 890.545
1703.23 599.898
1361.37 350.333
2006.74 826.421
2370.34 916.491
1732.09 467.913
1411.97 702.614
1670.1 705.951
1291.61 702.99
1891.5 516.602
1518.42 534.783
1678.96 659.201
2297.15 814.124
1254.26 457.476
2208.92 960.618
1739.86 669.457
1496.57 531.104
1926.35 933.942
1882.28 1011.48
1402.05 467.777
1201.58 887.878
1215.29 544.819
2810.95 1051.9
1273.09 898.727
1853.67 659.146
2242.96 1021.02
1332.39 983.143
1436.12 780.559
1389.95 928.311
2533.22 1192.85
1948.97 544.108
1594.09 319.917
1339.97 438.786
1410.45 643.079
1259.91 436.351
2737.22 203.38
1231.15 741.394
580 892
861 479
981 438
1264 469
1863 859
1464 697
804 274
1865 807
19 395
1834 823
1613 648
990 910
810 894
1592 920
1194 98
1738 284
679 280
383 887
448 1170
160 188
