1360 995
1523 1140
686 539
167 1051
1446 144
1422 619
1629 30
524 858
1915 291
374 935
1116 325
1021 116
667 673
298 876
1806 50
41 638
1877 605
450 1124
1256 377
495 895
1354 109
1626 343
1099 230
1073 246
1353 359
1661 1030
1516 1114
298 263
1307 228
179 1065
998 573
135 475
1530 586
1471 978
1075 526
1265 989
1707 492
1444 278
1202 837
1724 396
1788 857
1058 184
51 876
1520 510
1824 739
247 534
1664 383
1729 1146
969 561
1885 236
1199 1102
506 379
154 510
1617 269
500 1182
1865 0
839 395
1625 763
311 985
1865 327
876 1153
861 493
576 670
1639 457
1823 516
1413 975
659 1071
1834 1165
1822 811
1914 34
1033 51
514 785
686 571
588 869
1188 1125
956 737
598 857
510 214
440 821
543 215
446 820
1234 1187
1033 588
864 46
938 1190
105 1151
239 24
477 615
1548 767
35 962
463 525
1531 199
781 866
1537 184
560 836
1212 65
1904 80
435 714
279 633
704 270
