1320 1051
1407 993
449 60
419 797
424 320
1278 97
541 418
563 597
1307 771
8 620
119 230
877 485
165 188
1403 747
1547 781
189 1059
1592 28
133 473
329 904
1142 865
1576 612
114 1158
790 917
1867 49
248 915
910 239
58 459
485 335
999 320
842 18
621 1031
1317 885
452 1082
30 653
1747 933
1278 1163
1545 432
1473 528
150 1181
337 638
1248 399
510 346
730 755
1401 1009
835 563
307 128
1227 905
1493 959
899 323
412 726
776 730
82 754
1034 467
562 464
800 659
1455 849
99 285
1435 1069
912 677
511 419
1112 1058
1027 1139
395 360
50 1055
75 462
1893 1092
104 1127
998 659
1355 1080
275 1195
411 882
364 1102
1519 1192
1084 511
669 155
210 213
365 629
153 281
1709 203
8 825
1039 44
1733 633
400 633
1791 1075
620 1092
893 844
1542 824
488 553
470 1005
1271 272
1145 895
50 237
609 933
577 114
1770 476
182 531
1537 557
590 353
1488 669
906 958
