1587 531
279 492
264 145
606 1134
1146 358
999 178
682 748
599 910
1443 205
1837 281
181 274
1595 902
1733 320
417 25
1313 443
1397 852
254 1196
624 278
14 511
84 680
741 364
378 335
504 369
1486 139
1294 555
1861 35
1309 576
89 883
1489 379
668 882
342 977
1606 948
1566 1031
986 620
1414 591
820 1067
107 958
1402 723
128 248
383 1054
324 84
850 785
1860 331
708 709
1190 528
263 684
1266 430
1872 432
133 811
444 107
1754 304
1526 1013
414 528
296 894
1849 199
1709 1085
1003 639
1630 96
1322 291
197 1185
1411 1053
1869 629
283 254
1413 48
457 417
1707 1123
1201 833
1896 1136
273 624
1902 442
824 731
199 259
282 150
467 645
73 665
150 764
870 451
194 1153
1537 407
1313 426
945 427
1277 1185
1260 1072
801 528
1289 313
1190 21
1168 1097
989 643
1551 490
1068 581
1285 392
792 599
192 239
980 1053
1063 599
395 192
1402 262
363 834
26 361
1792 68
