409 119
1640 182
194 995
510 1184
911 271
689 627
544 369
1142 1007
605 215
1379 919
1852 634
465 919
1411 391
862 834
1454 1137
252 1144
776 692
958 842
120 381
1418 311
1132 908
1898 1068
909 880
156 315
1208 447
1106 52
1801 371
12 204
282 1114
431 649
331 923
1425 259
656 223
1822 56
1804 232
1807 409
1380 457
517 370
730 1153
1757 738
32 223
1030 634
594 914
950 509
1789 181
310 1032
145 55
1052 321
278 346
1449 35
98 248
796 871
945 1073
1593 347
1859 230
1437 931
453 180
1677 199
1334 708
1540 1075
169 170
1148 794
1665 152
987 856
850 996
1723 580
1596 839
251 254
1912 644
121 43
1226 1191
1695 479
1851 844
679 417
112 891
293 394
102 353
468 87
1337 608
1535 507
1680 739
725 1051
11 917
217 408
915 176
356 369
1457 479
155 311
1883 113
1037 425
1102 786
1786 512
800 957
127 111
1310 1101
1045 627
1220 341
766 1050
508 1107
531 789
